profile_short_name:Ethiopia W V2
profile_designer:C Lab Roastery Ltd.
profile_description:Ethopia Washed V2 Profile:\v\vRecommended Levels:\v\vClean: Level 2.4  (~15% development).\v\vSweet: Level 2.6 (~16.8% development).\v\vStrong: Level 2.9 (~19.7% development).\v\v參考：\vC40手沖刻度：24 - 28 格\v建議養豆時間 ： 7 - 14 天
profile_schema_version:1.4
emulation_mode:0.0
recommended_level:2.4
expect_fc:204.5
expect_colrchange:170.0
preheat_power:510
preheat_nominal_temperature:240.0
preheat_min_power_offset:10
preheat_min_time:20.0
preheat_max_time:60.0
preheat_check_gradient_time:30.0
preheat_target_in_future:30.0
preheat_mode:5
preheat_end_detection_count:5
preheat_temperature_proximity:8.5
roast_required_power:1200
roast_min_desired_rate_of_rise:0.1
roast_target_in_future:25.0
roast_use_prediction_method:1
roast_target_timeshift:1.0
roast_end_by_time_ratio:1
roast_PID_Kp:0.7172
roast_PID_Ki:0
roast_PID_Kd:3.55
roast_PID_min_i:0
roast_PID_max_i:0
roast_PID_iLimitApplyAtZero:1
roast_PID_differentialOnError:1
specific_heat_adj_upper_temperature_limit:180.0
specific_heat_adj_lower_temperature_limit:80.0
specific_heat_adj_multiplier_Kp:2.1
specific_heat_adj_multiplier_Kd:4
zone1_time_start:0.0
zone1_time_end:0.0
zone1_multiplier_Kp:1
zone1_multiplier_Kd:1
zone1_boost:-2.0
zone2_time_start:0.0
zone2_time_end:0.0
zone2_multiplier_Kp:1
zone2_multiplier_Kd:1
zone2_boost:3.0
corner1_time_start:0.0
corner1_time_end:0.0
cooldown_hi_speed:17000
cooldown_lo_speed:15000
cooldown_lo_temperature:100.0
roast_levels:204.0,207.0,210.0,215.0,220.0,225.0,230.0
profile_modified:10/03/2025 09:46:29 UTC
roast_profile:0.0,23.0,0,0.0,56.1152831338,70.5,143.026289084,114.7,81.9035331245,73.4,172.252999049,134.4,280.2,181.4,210.709196372,160.2,337.720829039,198.9,478.5,210.7,418.72131417,204.2,524.064528293,215.7,630.9,221.6,585.133219182,219.1,0,0.0
fan_profile:0.0,15000.0,0,0.0,60.307843098,15383.1411053,120.0,15100.0,105.370627718,15153.7113384,137.474066369,15035.8444454,540.077146885,14200.0,294.281815828,13162.1575269,0,0.0
