profile_short_name:Geisha Natural
profile_designer:C Lab Roastery Ltd.
profile_description:Casa Blanca Geisha Natural Profile:\v\vRecommended Levels:\v\vClean: Level 1.5  (~17% development).\v\vSweet: Level 2.3 (~22.5% development).\v\vStrong: Level 2.6 (~24.5% development).\v
profile_schema_version:1.8
emulation_mode:0.0
recommended_level:1.5
expect_fc:213.7
expect_colrchange:0.0
reference_load_size:100
preheat_power:960
preheat_nominal_temperature:240.0
preheat_min_power_offset:10
preheat_min_time:20.0
preheat_max_time:50.0
preheat_check_gradient_time:30.0
preheat_target_in_future:15.0
preheat_mode:5
preheat_end_detection_count:5
preheat_temperature_proximity:8.5
roast_required_power:1200
roast_min_desired_rate_of_rise:0.1
roast_target_in_future:25.0
roast_use_prediction_method:1
roast_target_timeshift:1.0
roast_end_by_time_ratio:1
roast_PID_Kp:0.7172
roast_PID_Ki:0
roast_PID_Kd:3.55
roast_PID_min_i:0
roast_PID_max_i:0
roast_PID_iLimitApplyAtZero:1
roast_PID_differentialOnError:1
specific_heat_adj_upper_temperature_limit:180.0
specific_heat_adj_lower_temperature_limit:80.0
specific_heat_adj_multiplier_Kp:2.1
specific_heat_adj_multiplier_Kd:4
zone1_time_start:150.0
zone1_time_end:195.0
zone1_multiplier_Kp:1
zone1_multiplier_Kd:1
zone1_boost:-2.0
zone2_time_start:200.0
zone2_time_end:300.0
zone2_multiplier_Kp:1
zone2_multiplier_Kd:1
zone2_boost:-3.0
zone3_time_start:0.0
zone3_time_end:0.0
zone3_multiplier_Kp:1
zone3_multiplier_Kd:1
zone3_boost:0.0
corner1_time_start:0.0
corner1_time_end:0.0
cooldown_hi_speed:16500
cooldown_lo_speed:15500
cooldown_lo_temperature:100.0
roast_levels:212.8,219.5,222.0,224.5,226.5,228.5,230.5
profile_modified:29/01/2025 11:25:25 UTC
roast_profile:2.5,25.0,0,0.0,20.2911303624,52.3,66.4198,112.7,44.1956407274,88.9,88.3450773406,136.2,148.45,181.5,120.577682242,165.5,171.180768631,194.5,230.7,210.8,205.204892875,204.8,268.987899045,219.8,360.868962038,226.6,321.638141738,223.7,0,0.0
fan_profile:0.0,15000.0,0,0.0,15.83832,15000.93,57.6174565769,15000.0,11.049610514,15000.0,151.05537886,15000.0,239.222460532,14540.0,188.113730502,14773.7887265,299.865608145,14262.5976024,359.777,14100.0,323.595711607,14106.0008252,0,0.0
