profile_short_name:Geisha Washed
profile_designer:C Lab Roastery Ltd.
profile_description:Santander No.1 Geisha Washed Profile:\v\vRecommended Levels:\v\vClean: Level 2.0  (~14% development).\v\vSweet: Level 2.2 (~16% development).\v\vStrong: Level 2.5 (~19% development).\v
profile_schema_version:1.4
emulation_mode:0.0
recommended_level:2.5
expect_fc:204.0
expect_colrchange:170.0
preheat_power:330
preheat_nominal_temperature:240.0
preheat_min_power_offset:10
preheat_min_time:20.0
preheat_max_time:60.0
preheat_check_gradient_time:30.0
preheat_target_in_future:30.0
preheat_mode:5
preheat_end_detection_count:5
preheat_temperature_proximity:8.5
roast_required_power:1200
roast_min_desired_rate_of_rise:0.1
roast_target_in_future:25.0
roast_use_prediction_method:1
roast_target_timeshift:1.0
roast_end_by_time_ratio:1
roast_PID_Kp:0.7172
roast_PID_Ki:0
roast_PID_Kd:3.55
roast_PID_min_i:0
roast_PID_max_i:0
roast_PID_iLimitApplyAtZero:1
roast_PID_differentialOnError:1
specific_heat_adj_upper_temperature_limit:180.0
specific_heat_adj_lower_temperature_limit:80.0
specific_heat_adj_multiplier_Kp:2.1
specific_heat_adj_multiplier_Kd:4
zone1_time_start:0.0
zone1_time_end:0.0
zone1_multiplier_Kp:1
zone1_multiplier_Kd:1
zone1_boost:0.0
zone2_time_start:0.0
zone2_time_end:0.0
zone2_multiplier_Kp:1
zone2_multiplier_Kd:1
zone2_boost:3.0
corner1_time_start:0.0
corner1_time_end:0.0
cooldown_hi_speed:17000
cooldown_lo_speed:15000
cooldown_lo_temperature:100.0
roast_levels:204.0,207.0,210.0,215.0,220.0,225.0,230.0
profile_modified:20/01/2025 08:42:44 UTC
roast_profile:0.0,20.0,0,0.0,89.9236903738,55.1,140.7,111.6,86.5084343779,67.8,198.7954189,158.5,269.224630162,181.4,231.370587722,173.1,361.862751984,201.7,478.5,210.7,409.1,204.8,555.720352505,217.3,630.9,221.6,585.138002435,218.982581642,0,0.0
fan_profile:0.0,14700.0,0,0.0,12.5248926638,14708.8933558,29.0208422596,14710.0,17.9365456832,14711.2728562,386.112731123,14668.9936431,600.077146885,13500.0,398.146773343,12509.3538649,0,0.0
